$ANSIBLE_VAULT;1.1;AES256
36316232626135323661363332643963653633646538366562666434393632643732646438616230
3737636463323161643934656134326366643464383238330a626436666365666134326666323033
61393034363937643830356635633134653139633432663965303538313332363839373366373865
3539663361316661610a303466616163623361363362383333643233393032646636343333376463
61666632626164366139333536383864663239613534363036393937653430363531633333656562
34363535306464383537333034326631346662356639303365343939356530646135336136396333
65363334626465626661666666346435633463656639663566666162383235343536383666656238
31666564376138613139376539396134313964633062633039313066313361323266613931623433
62353265623866326565633733343235636163646634343666666363643439333330613135613465
36663863313965373236663966373534313032653837323535366463303532303435343132623438
33356235353361333365363934336635376430316233613464316535653166346430356636343731
36396166666133636562643866366139323530366265313838643536356162336436653335393430
66373963633266636230663836363630343938636239386231666534636362326332613837303231
36343936373164376538303538353031383638313662353761363835653735383066646238313631
66666663376362333736383832623637623363323835646430366638343036333131353762323961
37346166353666363564383061323766663961356564346239303432313364316631316531323333
34373734363463633562656161626239623036626434653638333531386135643334613366323263
37306436633662386664346331343166626331663933353837393035393162316537616138633833
34306233353536636338356465313635356332336662393233366465363834656665323132313231
33646334343034646361363664366463363338363233666635646364373939623833616336336465
62366436326335326438316136396462636539313166353135616432316335333336366536616338
35313437623430643638613535373332303565333431303232363530396161626339353435356230
39356461393262363165346362616539343832663361613332646439363337386434376465333037
38323763666439633035376663386136376433346131623462303965393266653431356330323462
30303938396335643761303765356562656665323162376131393935323930613639643738613761
63396530306537356430616362383532333333313932326339396133323738336564666662366461
37373534363365646163306431653163346434366262616164613935633963656133386464343730
34336532316465306532316366326333633538393537316434333265343763616138326566306531
33343536616434323461313832336236393763393435333464303834366631323830373236323538
35323064346438636536616565303936333033353537383938346635346562663535303131353464
32323737633239333262653735386338373766373637366661363139646337333662363937666138
39666164613866653563363036346138383663333766326465326231356633666238616261313364
31316631303264303337366231303136326534316163626630383439333363366138323036356231
63303538636438356431643262306138313939346665653131323730643262623135343436396532
62323737313163616132393638393735623734306434343161633031373731656533383538376639
39346136626139363535366466623031653834313462653164393262316334313330393838363630
38623766623566353163326164383365643734326433353937313737643361316232363665323965
34653131636130636136656535363131393135376637613761323766626139323733323435343939
30653438323039306330353932623364633431356364336336376530343363366439333335336131
38353262623465313432663663363932313737303166633363333135663966323662623465333436
38626366616165356539663362346164313539623730333465346636323532343433323338346563
30626330653537303664383838616266303037306131313363626330306364663530346336346438
63666334663038666262636361656361393034323265653330666135303862383461326563396532
61343566626435663339306164643264323932336633333036363535313166356161346136643837
34353534343563363864343934666462353763626630373864353334383339313630343434666337
64393265643832306362663831326434303564393361633362383534343065303932343039353536
66373835666336326166383763333333306434366630613231326237626133623864333632343735
66383834393562616530636634323661663630326534363066383864353062626135653764343564
38666535363231613638623966383466373836633238363539636239623261656262303835633038
62303236316131373665343231336330626433666165383166393761306337313537363666373964
37353231643533396532343632343862346232373162393261343663353339646538396661303566
37366462626131653238353130643333336138353032613639666636613636623939613764323537
31663033333031363639643931336235623134613934633837356266636338366338646135383331
64663035366565346633323461393537313564646635353633653935623035313166653862303439
39343732353839316439666363653830346533333262353038613763396232653063663265386536
66363931323230626264666265636363346465636435643063356231356565666436353862366531
33376161353030353633333036353261356562653832633665643232326533636664303732613962
38363263643833656134396137666561383834656134663737343534376566393137343335363938
66373866653737623665333036326337383430363435333666626266656664323065383864353130
66396437616437383765346464363761323962626235383237363864363639643438396132396335
62323865353964376439353162303966303365316534306131633561626666373136656261653832
37326234663562376265353331393534653862626363613763336538336335623466313266393432
39656262643637396137303838346231333832653132326266633036666436373065376532393032
37623434643130343136666164666333653366353063346237306461636461616166646466386438
30343635346561383266633931323363303164303562343564316664643439636139353663643364
35613465333731633834303331666466303163653637623332643731613463656136313835336462
37373331643531396565313430303436303966353561346633613864613632623839326237656132
36316335393632636462653336633964623636333065333133646363313763623939646536666333
66373261653764313035353035396137326138373165636432643864666366353864636233643135
30666433346632346138393533313932306362616232386464373361613738313436653062646231
62643962336331636565313332653062393536363962613938316365313964353733326534313839
37353831323566376139343561363431636565623166623531663962303461633432303564663235
35343266376130323631633133626562643662313630306635323864383636626139343532633062
62383335376533633232636633623765303366616631613265666131326337323239396137616439
38653435643436626464653462316366303831386632386365383562313731373566653663306531
61613732323036353238333338386235306636353461366362333739613165386539346534396239
38613166363134313661343162656566313262616533356361623437656537316432663636643638
33356332353538376363303934633632633437626436396266646331653635303134653534336666
35326136363033393136316135383639323463373130333034313164306433626532313730333364
66313030393862316634346537393862623130353235613465373762636463306562656334626631
61336233346261323265316466366161356135383131346337383566353966666238353633383239
62363032373461356434313239346566616435636635353932636130653535323564613232333839
34363762333036303165626232383664393530363361303565613439653335326132643264343936
64336637656532636362653365343536356232346335353637343666633932363564343563656434
35626332656261633135343539636639633061313665393961303563663162356134616166323536
64363533333837303561653262633534613466353839653761356233646161353261666338633835
30343631666631353563643166356464626135656235336662616364353261656265316465376130
34356134393836623036636233366532666237623563643238623065306132633765313933366131
61633963316135383233656563333930343038663831303739633337646465363437646164656536
36643333363630316663643530376431343433323633643764323463653663373831613762326133
62663331356565313338343563366364373033313763613361353365323561326363313331613261
39373239396537353661306637623262616566613838316439313864663165333632343334323735
63303231333862666531643536653537653266316564653339616232323662636432613237353461
63636366303031666466333930363339653431353438396138396130616166313264396165313565
31666266653864333465343335643936393138316164663630393734376363353632363533363466
30616536636466383431636437653662326232656632666330636536373036633436386435363164
32323134633538323064366363326637343239613635393138366432643433393565306136346133
31616538303037663031643437346138346237346564376565323836663830633537656137383939
33613333373162386230633639383835393536343036353430353137363834326362613138363361
32393037613234613863323665346438373865393631646439376237613333633432646131373432
63646333396438623461313663366662616362613264646132353835356335383862663333316264
66393032666362393766333462393761326561666461343862376366343865376637363835613261
37636631303233663135306163343633306238333530316630656561643238316234656438333437
61643832636336383535643065383530343833346164363364663466663366333330396563316539
35613263633330373731383538643834383238306233323337393962613937613135323662303561
36353238353632643961396364616635653261386561633831623362653430383235316235633063
39613438333738656165626365636535356263643664663964346563656164653030623439653435
31653935353665643261323262656538383766393739643234336132313330346636306130623331
36316631616535306332303335303031316230336537366539653039663832643461653065653531
63343335346561396331643762613838396234353337396236643334646461323033376536626561
66333830353337666538393030323763346137613635336631623265306361646432323237303236
63396431333735313133396235663733306231663065666464366236616263366663316131616561
39613464336565306166623130353031363766663931353766373061323066653833666166343637
30333762373266316335353966626263323961326363363236373066383461343837666233366536
63653166393735323437656532316633383262303235313464616434616634663333323731613365
65303532353139663836653865643561323331663638616261353239303136386232336234613665
64333262666638356139373938363163313632646438336665626139633363316433353139303836
37643733346436336163316439633635613164366239636465646530323338303133633162663866
62333232303266633333646335363333666364313661363964623162623637343566636666313864
31613930333533623237633739303332383637373638343737666331653033383236313637656131
38663665656338666139393336343830393133366134623564356366613835623337346333633535
32636464316532363834373132373330346536663766353761323365306365313666373931653234
34633134613437373461353562623239336465633532376562366564373234366436363339373937
32393561613932353465353235646137353064383535333335326664633936356537663035333639
35376332366364643963303237616461333336356164343235313330393562623666653338333537
36373063626535626563626331316165623365616139626132613235613863366330303666363538
37336464356630363766326137346636626663383631333339383033393730353962346133616462
39313862383335333337663235643832373333376133383766356365306433306364636539396665
32626163386137363332393239313831663161376335303565656433373536313764396130383565
38373837346533326631363138313034376565653739313739313035376261356465623030316363
39626530376532616538633538393834353862333266343634633530653162616531373832386138
37663036633136303930346134386637363436396663343034366661313537333664343930326433
33383735396135316362303632616165656136616230336536373965613032303734316333336137
36393233346132333431653531346563386361366136386263343533623937363230313231663831
36646163343266316437353336343630613364333133633462323363386164303734353463363938
36643862356461336337336335386431626462393263633530363935633465323433623735616461
39373663653762346231633637623031623739643664376263356333663430656137323234623262
64636330666464613332666136313135303939643365633936366238373961633638643364356563
62386135616562363339383630333561323063653231336263396538306662663231373834646234
38626130656233306365373561666566643765656331643461316565353166343366653233633636
36626236613464643965623134373933616130613764343961303132336539613565633433613038
66663231646437653030653164333363663562643432316166306466376233356638363862333636
30613437316435663536366232616434643730366265316636353465623239363034633639643935
38303631333239396538653061616230323634353361386235313936653631313161353934353530
34383430646366613464633561353961346164626333366664613436326237623839613563306164
34386137363932313936383461323237633732613135326363353231353663613838383432656530
63333263613164623565633639393833366166616463366434636639333934393037633937363061
37363666363462346163616664663132336430626163613465336564636665393166333939383865
35633861316561623266666338613239643630333265306633653365383361663238633766666564
33663730393366306464363133666466366133343233306439613233356562373664346230313664
61663831643965383333383266636264376139313730373231643661633930666233323533333938
64323365353165396136326430663334646335376239383932336661383933616561666532356232
38663730366330376439313433353734376536393038626333356638646566356234363537653732
38343965666532303830333461363535626533656464326632316264373338636432323362643231
38313332323434376665643932316530643762336234386637323938343861353963613536333365
34346166346332396639613535333235646537333164646563303235396163326461326236326330
64616130333665366365383763623331336638363062323932646661653334316239323363333339
37323734353439656531623533396163353837666662316236363637663163666566626637393163
64306430313665333431383134316262326435383565636639313162306435626563383231626536
38633033663835343231313264336231303161346531386234383863653264373962373730636661
66656334626364656434666439373638363830666464393636313537323739333638633131363234
36653532396633363036313465316132376630396264376630613334353664343536366137303338
31396462623963376234326364643038346436386631373862343038323866656566353461623830
38386433303764663732323762643138353166313031363938346362323661373136633230386163
31643239633138653932366134353362353163366337306330646630376536313338326532643834
35316331346236656135613236653765356531633563646137653165353261376363643133613839
32346331386234616430653938633235663233313162316161373139623462616164323739313736
64616235353630316662
